param n := 100;

param c:	1	2	3	4	5	6	7	8	9	10	11	12	13	14	15	16	17	18	19	20	21	22	23	24	25	26	27	28	29	30	31	32	33	34	35	36	37	38	39	40	41	42	43	44	45	46	47	48	49	50	51	52	53	54	55	56	57	58	59	60	61	62	63	64	65	66	67	68	69	70	71	72	73	74	75	76	77	78	79	80	81	82	83	84	85	86	87	88	89	90	91	92	93	94	95	96	97	98	99	100	:=
1	0	18.8252770681316	93.2310047747012	9.52989568816766	9.54986310123417	260.918681154721	59.3190460728074	21.9262285478761	39.7403755078106	87.4311063309506	18.5905705579729	247.980000404378	59.4813775438594	14.2753905585332	81.2784470697694	32.5503643659784	35.2572691199553	519.110070986802	14.0815936576003	22.4014017573149	288.680476526302	67.7116622720046	13.7747597662679	56.840295377434	93.3887400852036	172.203779068534	247.05864443069	19.1669678827708	254.33198037353	64.4491191940683	140.78478449413	791.190261268757	50.3499580232957	513.584001639719	29.2769063212912	92.8845185062354	309.789611410951	119.579234787071	93.7624500699478	96.0407756947221	84.2141570965322	688.28815609536	134.213318203609	118.575314231271	107.147259885718	747.365588766482	272.475665189865	85.2116639161655	737.968899124731	97.2998932366295	69.8876117385053	242.254986243772	74.2045626410676	326.64438480368	407.724364601708	91.8273997124138	288.331918746686	52.0616837140264	416.34687738989	94.0208972762791	57.9330414913725	645.346115939879	380.783290743089	378.897923832691	499.387315823249	187.071933113951	117.086405681555	94.6969359478107	241.675075846181	463.146536729862	670.105012208421	562.728981813164	300.317405044006	256.476679966197	249.169488046014	301.408576822203	101.358820218566	32.9353518815204	532.699937182478	328.327385657158	344.193172276423	575.564480686837	140.60135919771	372.790862236924	676.457310022075	478.661654319421	24.7341503096159	390.546299329139	247.671430088921	307.681544323557	508.780117456685	82.1516753949085	274.989736721757	617.727923951582	309.802468136051	54.198709030151	182.982058308372	87.2281231948209	722.867167488043	120.697834452846	
2	18.8252770681316	0	92.1614797612836	11.8667385022435	20.1250806631101	246.042400468152	40.5004426927361	11.1720291223264	20.9736691514219	86.9956787380522	18.8102209067489	239.258766652848	76.3715543015241	22.2746613043499	63.1256397630961	18.6174288829741	17.7075680388333	525.252845743227	4.74995267732476	9.35323592740901	275.397794124545	75.845051864579	29.6766618325911	38.2614617085538	94.3780856608989	190.808847678963	230.438184458774	10.4144508184702	239.411635834724	73.5854316603003	159.609360199138	794.68290120716	60.8308056359814	496.439947998466	12.5699093909197	91.2256136340598	298.603325363398	137.257852942578	93.3863416014126	96.6703603535385	84.0690612347067	703.318820487632	153.038466486214	137.013674490895	110.160399656408	749.629557085742	258.473893348842	103.446956550089	754.502039947535	103.681480365316	71.3900167439588	226.14671920699	75.619871663017	330.147398259452	390.693044535272	91.8729123527603	274.791417805712	70.7573920899553	421.614817969961	112.382392956814	71.5629586902525	661.014000592865	363.397798019027	361.055346282613	482.552552059278	175.989373717324	100.878623705791	77.7138604951543	226.445696720349	445.338543851276	683.365551613875	545.532619123203	287.810166866629	238.373523690113	231.458390928761	288.886836401837	102.169072243968	51.5676196617166	541.550403114055	310.326843363604	362.859903356122	558.718999285996	159.391828879323	354.914695615861	683.31108808526	466.574608170457	43.1410340366852	372.747963438233	232.735588196151	293.937804633118	493.812674700089	94.0425937180131	260.311845765767	630.702496708392	297.675353196193	69.6001975377788	166.599650481439	105.292028639437	727.34730071658	125.625234559527	
3	93.2310047747012	92.1614797612836	0	97.3373714242312	83.6919242947422	314.955304113867	101.140512452025	103.325008003166	93.2075424430242	6.29133225104771	76.1083307124307	326.069909696972	90.9542329040007	107.044428877131	128.333769747987	77.2885996351289	102.874719888282	611.365795739454	92.2811010198	101.447310039643	350.273117435259	45.7618866295946	105.232963941244	107.948905724419	10.2722173857712	220.059878627451	289.644541667948	102.181836194823	308.310690804467	50.4478470833701	180.019722774375	884.409458309188	142.266315626258	545.058251939473	101.554981596981	2.970382862337	379.616983536167	134.723948157923	3.54470045473426	9.28953435641831	9.63578686797267	758.683188215765	174.779368585851	175.738302373315	27.0527400867686	840.492806430481	330.932791890214	118.601726129534	798.724265625098	190.302058160981	24.8074350282059	288.997778760178	21.0079790862668	419.875364924708	441.996182754963	5.53312685817818	348.717603643157	119.269915180698	509.167112724261	126.63372867371	70.7935273424955	712.400891305878	411.818102287596	404.228633974248	534.196740168916	259.341328619107	171.872135604401	148.012004576486	294.241182074575	487.26070417492	748.259449687536	593.069583759372	365.129180574352	282.310585566128	280.801492926247	366.142182760781	13.3064340974829	108.680335264158	621.994612509536	352.783782087657	381.580702839447	609.42832189277	175.796450773429	397.798046466499	768.026993181079	543.442126791506	106.115209372182	416.2156980759	301.769061022177	366.701241383296	558.164364771023	65.5294672239378	329.77179871474	697.069494043769	376.040714899483	79.761644029257	230.792542619419	117.346278332724	815.898458645088	213.90166990201	
4	9.52989568816766	11.8667385022435	97.3373714242312	0	16.1353174731287	251.419814091103	51.6122573905042	12.4009136655203	32.4276769285997	91.787325076861	21.2323049281386	239.647164141836	69.0062448007084	11.1749340132404	72.3028882596337	29.2133533170469	26.3083583749276	516.903079344059	7.70181007253411	13.0191674098208	279.359339046127	75.3161324361224	17.8703091857272	48.3196573629574	98.3929562704992	179.48342371616	237.566507427361	9.63715092071082	244.829861154022	72.3682513911313	148.998386634001	787.678355900372	50.1488980337163	504.148757111651	20.2141227804353	96.7236783739686	300.861617011006	128.964861807632	98.178857337679	100.904437581848	88.678590787789	691.689882110081	142.406088698555	125.5515537884	113.042444334428	743.270913759377	263.05774408798	94.4052149530184	742.652523691912	94.9045589909337	74.9551398647215	232.730978410384	79.2706911429716	323.061253855639	398.274014200007	96.4182368013291	278.974044895711	59.6944805238256	413.667799316225	103.1257372312	67.0727837483174	649.266290554182	371.400788871254	369.65144499458	489.90835215123	178.122915123506	107.579597818669	85.2970656707394	232.156207836485	453.88254188259	672.190685060284	553.301856956259	291.124468070868	247.360649383215	239.889705155604	292.213249765984	106.323187458467	40.4989394652959	531.984813250925	319.151203915728	351.58756231499	566.085506059814	149.063860183176	363.557827854979	674.645171014077	469.56724145418	31.9055922669782	381.282674312716	238.167922132306	298.298887826423	499.283186530444	90.9534923542065	265.506193599584	619.61209081801	300.681190427256	63.6393961027534	173.475923911814	96.5039972324174	719.832947191674	117.608805068938	
5	9.54986310123417	20.1250806631101	83.6919242947422	16.1353174731287	0	265.826372985642	58.7994068313705	27.2638366105466	39.2659878938859	77.882984907985	10.5050759310835	255.765474575918	56.3605497931813	23.675764693331	82.9874314466077	28.0361956726505	37.8253624930818	528.468815212916	16.2219053678892	26.9059738851264	294.566240784031	59.2007890735636	22.3405228822509	57.8208673978536	83.8614099551037	175.032206597839	250.560684268168	24.8024136577847	259.207965098342	56.2342808951244	142.092942880181	800.722079820084	59.467942026967	516.53319408679	32.4262796937387	83.3659674614457	316.689041100411	117.450863491056	84.2128891786539	86.5034231632277	74.664534134597	694.952174721344	135.586161763659	122.018969402156	97.7811934642541	756.915333073616	277.945785170542	84.1809307252772	743.541106808374	106.760854522996	60.3570161208572	246.221034988266	64.6758291966544	336.184496441954	410.802259278226	82.2784133385249	294.074616587504	55.2055806845635	425.793422812649	93.2605321902013	51.8614568478496	651.602006148971	383.449878048327	380.942197537155	502.674391766901	193.952426512814	120.938216212373	97.8387572544577	246.33037222685	465.23584288017	677.682854587923	565.616762652055	306.609185572931	258.119205185057	251.423115239707	307.693485762809	91.8301421001339	36.8432562952202	541.645304869012	330.128809837122	346.646723341173	578.839885539798	141.384748712428	374.784517386036	685.722163229468	485.189441135675	29.7311730287484	392.655634481301	252.535163297121	313.312624908872	513.651815723843	75.173263597767	280.034093428293	625.434424335337	316.280807788864	49.4965696669384	186.701091935567	85.8307352805072	732.355221657716	130.221359022789	
6	260.918681154721	246.042400468152	314.955304113867	251.419814091103	265.826372985642	0	217.089051864935	239.118175375193	231.781597036661	312.792718284457	263.787646602522	106.339620249346	320.084252943379	251.374525040753	188.804148770501	249.428414207233	228.555872223317	501.854166664823	249.610928183822	239.071219513337	44.5414879307735	318.82019330986	262.22923190382	212.941058110788	322.306277771951	400.553469119161	44.4525613151805	241.821405940221	6.67945705131298	317.636406156111	383.860649352581	714.097759091464	255.964497305327	265.027918766296	233.506848602212	312.528930413927	91.4352819467781	377.726943422474	317.86082863277	323.203576117871	311.300770903368	800.526080454016	377.558518594672	350.300444231089	340.701961018288	655.568748598039	22.2944960845118	341.986800629238	879.111877821476	242.207333886362	305.032539337092	34.1235459209947	308.231333324334	310.36613902065	161.538014788749	317.838441131729	40.3315178014112	300.357654828029	402.249940874415	349.613433997504	317.597152355283	772.151874395856	143.87391427383	154.911660335579	247.297633040372	93.8423241966803	146.073428825225	170.295972693097	20.8613146116186	229.526450997938	751.000884299551	313.831002710155	64.6278633876994	95.1609278627482	78.2154503384805	65.1695578845431	328.131146308014	284.480394862249	553.772711291797	121.856137792269	561.626762484326	322.415220418008	386.681413781131	150.931027182827	654.964066777938	231.302887093791	276.655750039421	163.474210738601	13.3419561387219	53.8174463650922	247.864154204368	339.561357244274	14.8496884728518	696.971850951614	77.1181278750523	315.009894337492	84.368191390526	344.752748093942	663.641041350663	235.423959587835	
7	59.3190460728074	40.5004426927361	101.140512452025	51.6122573905042	58.7994068313705	217.089051864935	0	42.3192260810982	19.6534233675655	97.8826854410817	52.2650889582034	225.993289482318	114.417499850419	59.7007093484286	28.28559299623	34.2667724791598	27.2129544907696	541.641533119625	45.250078614443	40.2854637407331	250.313371643825	102.459547588915	69.2540965716824	9.30668301747357	107.077208899598	231.095514348041	196.803128188673	44.501866539266	210.409635563335	101.847302369802	200.083527881521	804.90174279501	93.4191335502521	460.614231445948	32.8553462833935	99.1444523066607	278.514894978745	175.756965391811	103.581057432931	108.43534217493	95.9124656817885	736.973340771366	193.518512196578	177.131620513854	125.166719388125	757.346435386817	231.70741571907	142.969225773339	790.990124717412	127.105192053522	88.1653238653753	194.001710770055	91.5599521182169	342.328286630261	355.313351364061	103.065347800276	249.05251711741	111.197602995761	436.695506089265	152.059852337368	105.846672562537	695.915434862046	327.12775391786	323.545661874342	447.534539639758	158.445983281987	71.6006151339317	47.3511210872423	196.746316596661	407.830139421979	713.60835086445	509.525850896089	264.562441867407	200.345726862998	194.637281170473	265.591935162574	113.715521729559	91.9916101165575	563.347324354717	272.45035490517	403.198631036623	523.587196925899	199.763417956108	317.320711568117	700.719959896438	443.252316908516	83.4733263411867	335.343957873846	203.766315708673	267.504239030969	463.442787345038	124.796428237705	231.747386682598	660.452892090532	275.278159459834	106.087604068129	134.415818630722	144.555392705139	739.760127486251	145.26943930841	
8	21.9262285478761	11.1720291223264	103.325008003166	12.4009136655203	27.2638366105466	239.118175375193	42.3192260810982	0	24.7753326964391	98.134906679429	28.9906888581329	229.217359454629	81.4065140493061	17.4801454048212	60.6711992403723	28.776572139095	15.3943191497028	514.784476988231	11.9605036810848	2.49568462763011	267.375933653602	85.525029100107	27.8144512412675	37.6522640358387	105.43950864114	189.554086257279	225.181671431827	2.79087626815808	232.521422414156	82.9391406483498	160.131355216613	783.741138084557	53.0248355545975	491.812817118102	9.46783289419893	102.397087494808	289.500291887147	141.275400995658	104.528672526129	107.761217486321	95.191075663317	696.756082346878	153.525457671569	135.404177064719	121.036287446725	738.563356853898	250.909507672091	106.561362144243	749.319661611645	93.6756822423547	82.3521319010345	220.330253425735	86.6042015290407	319.251329781946	385.924434685815	102.993796691696	266.928777397102	70.5579533772374	410.98532505328	115.196684537088	78.9812238703312	654.996343039455	359.120247681167	357.522668737522	477.532837911858	166.777394095513	95.1855955023943	73.0243842374571	219.80869058933	441.730645966682	675.589818723318	540.973506813181	279.349096392668	235.398527429753	227.731096709436	280.433877634968	113.253833567445	51.5442713994904	531.819974166202	307.107942210502	361.661690758386	553.709787361662	160.458777099021	351.444897343899	672.987911591321	457.928026133276	42.8571353199981	369.133695791976	225.856644138679	286.209722884374	486.981836164264	102.428028906747	253.235544715657	622.76973699285	289.018409781332	75.8948551832694	161.08155604319	108.730048217446	716.546597787376	115.159668596716	
9	39.7403755078106	20.9736691514219	93.2075424430242	32.4276769285997	39.2659878938859	231.781597036661	19.6534233675655	24.7753326964391	0	89.0064906503221	33.4934370948518	233.135951928764	95.2429274761821	41.4354331532215	44.7242290467638	17.7941411500783	12.5388307764005	534.858472801864	25.7156315658699	22.4257715413471	263.223996549358	87.0980717969105	50.2599210586699	19.3296078312367	97.5754263432772	211.76978469411	213.668205997518	26.4586536928616	225.112449302564	85.8603051411499	180.456715677693	801.269414031359	77.6559408764698	478.597699210885	15.9767982360556	91.6582437510695	289.087145249605	156.527054920617	95.1417677510127	99.3774839551085	86.5595542660997	721.49983218608	173.896235887628	157.929069771318	114.920735763605	754.924505398403	245.385853370165	123.441671186561	773.988554771788	115.892257625369	76.4624971324039	210.164500039038	80.3022195797603	337.409717375039	373.07703600819	94.1626243607844	262.273059407479	91.7305360381135	430.476691557628	132.501044499702	87.7921693615904	679.770840516692	345.2680764359	342.20946768438	465.166944325267	167.376813527743	85.7175749953734	61.6203666777942	211.753633508241	426.509771202922	699.91724802217	527.594719680753	276.621673285813	219.182779465743	212.950011845413	277.675563823691	104.847401666186	72.5410502346232	553.891623003725	291.252045365169	383.830433337269	541.284087166754	180.111160197122	336.017876483826	693.504893819452	455.542065031855	64.0967420515108	353.966757971139	218.439912281282	281.085161778739	479.005493943895	108.110555341447	246.281472578053	647.005023539963	286.949870948035	87.3400123972851	150.45304641541	125.091159533102	735.028169744768	136.005899679342	
10	87.4311063309506	86.9956787380522	6.29133225104771	91.787325076861	77.882984907985	312.792718284457	97.8826854410817	98.134906679429	89.0064906503221	0	70.558485454987	322.092853436099	84.9121783988805	101.334124522522	125.423331079865	72.6793666718283	98.2877176509247	605.274047848736	86.9321688430544	96.3177303945759	347.628370661551	39.9679655120026	99.2730768322422	104.356443090653	9.585716101692	214.420523474195	288.21860323002	96.9036756646134	306.13634865186	44.5509535362699	174.523357683757	878.545761646362	136.240799475783	544.833100907285	96.7193599681821	7.59719993035748	376.380186645479	129.824778200956	6.40213422439107	10.553002176825	3.36109585821453	752.655227398598	169.214569831349	169.726072228285	27.9904882981975	834.77591056285	328.484649446284	112.858963774719	793.013355791582	184.37102547539	18.5483999298301	287.281089120645	14.7166800507565	414.048793017549	441.462200055338	5.19315308983441	346.160182227055	112.985687000869	503.159644499117	120.994284103389	64.7807306472587	706.466308455092	411.464772669523	404.254999730266	533.727938929878	255.708358375912	169.020758946004	145.010071167222	292.130790771317	487.485202510738	742.046306654	592.962961550296	362.264222170598	282.007088326351	280.098402103115	363.284666662599	15.8970191452447	102.418864009797	615.745515515155	352.770597387516	376.624562889354	609.086670128093	170.419665812197	397.835558014137	761.871451042528	540.750693690863	99.9224186049064	416.238382520504	299.569867300954	364.275170035186	556.664496290566	60.6426710647202	327.588469076908	690.833466601944	373.081057917312	73.6562468534696	228.780532829022	111.686410657872	809.934877631128	208.040275213171	
11	18.5905705579729	18.8102209067489	76.1083307124307	21.2323049281386	10.5050759310835	263.787646602522	52.2650889582034	28.9906888581329	33.4934370948518	70.558485454987	0	257.997789987132	62.2192711228683	31.2624398619243	78.1741615343032	19.1539750918098	35.3701628665553	537.335426521323	17.0822451287035	27.7456034449065	293.776410226281	57.0424061591051	32.2243177067993	52.7569968088353	77.2676181400068	184.441410972548	246.889909589985	27.2003010741913	257.138881495526	54.8664463676209	150.70805173707	808.725681553504	68.9019920901344	512.078124152254	31.0883923129666	75.5194722020046	317.365562830367	123.55961659456	76.9518197089686	79.7399871636268	67.4588491945486	705.454373126624	144.255702758414	131.776470526433	92.3036337628414	764.456470394441	276.614108247712	91.4352789092935	753.892223414766	115.359883139517	53.9009996724148	243.081154897137	58.2028163698216	344.115389484528	406.527811680775	75.2086142428057	293.089329087071	65.0699946980604	434.359966898007	100.651967111537	54.4323703793385	662.073166429373	378.760991900773	375.63145281682	498.583764342254	194.778895910445	118.072412830967	94.3643818456001	244.00818587575	459.928982677753	688.113549175285	561.082533075623	306.380567001801	252.525590955455	246.435358410917	307.453853506967	85.1778294703489	47.078290606885	551.273567562733	324.616963133256	355.762171638017	574.712911307799	149.667597456455	369.428105409736	694.823506541562	485.196847423972	40.1922412462645	387.401916865678	250.460627727977	312.156566793021	511.394281881117	75.8304088146872	278.149060516943	635.834508518015	316.316085980638	53.8924309419132	183.402381110455	92.7807872923716	740.702183876112	138.431624800401	
12	247.980000404378	239.258766652848	326.069909696972	239.647164141836	255.765474575918	106.339620249346	225.993289482318	229.217359454629	233.135951928764	322.092853436099	257.997789987132	0	300.752783412371	234.897207042411	201.470380592302	250.047728854263	224.796095248317	396.72960899167	241.159846921269	230.273781033026	87.6091997447577	314.723210557424	243.614442736158	218.410700371919	330.709756498625	347.544080191078	142.6350166827	231.342960193228	105.457895666402	311.97930439314	341.028088199257	620.468265835583	222.842992573567	347.12275383315	227.579712291018	324.33572432162	73.7564542225865	349.248891638969	328.159664180783	332.501525791213	319.690182608332	698.604708830442	335.496034611381	304.582340399644	347.892034612033	564.952447274183	92.898529001546	314.416506605569	781.086729437279	190.728778226967	309.137480521739	128.911254886641	313.132196473388	204.13142358645	252.475657162956	327.263201180109	91.9132380011518	271.569926748103	296.133486013722	320.04776346537	305.087587591759	672.598511992686	242.061476783991	257.127918763069	326.218387510937	69.4549099959644	161.633093597886	182.179989505987	109.432975395307	324.147682884467	646.195867571657	393.440519789602	82.6030246137283	193.706100286618	175.702878250127	83.5802941982886	337.959976534951	260.701347681623	447.437350119933	228.042165362014	493.598502630073	396.403255701821	345.688944162638	253.905100433499	551.474863995752	240.402201640355	254.890850673096	264.290438529221	104.34848983016	107.242662990262	299.024160827971	329.92366084794	107.284068115319	592.336167922584	84.4262182750898	299.489014744485	135.560195863119	317.845545950808	565.754195207127	174.656929457563	
13	59.4813775438594	76.3715543015241	90.9542329040007	69.0062448007084	56.3605497931813	320.084252943379	114.417499850419	81.4065140493061	95.2429274761821	84.9121783988805	62.2192711228683	300.752783412371	0	68.9499375041607	139.343143151275	81.0472055291124	93.9562785004075	534.551224524264	72.1109539286145	81.8031753902667	346.730943723669	45.6499797376288	58.5589202750186	114.114687483093	84.7275316902886	131.593917227609	306.474406496891	78.6408727264748	313.522299050939	40.7160923137761	93.6612199954616	813.399976167109	80.9787208192762	572.773088583436	88.2650401115851	92.4774328925274	365.564217881949	61.3442347399473	89.2287455601673	87.7805699590253	81.8488324563616	667.743099153633	87.6780272754923	84.8257285998669	88.5878322784087	773.260618368682	331.116190819591	31.0934350525717	709.057611442939	126.716101051085	68.3012808358841	301.736356911088	70.9284526031693	352.235357355694	466.982397933538	86.5388315681357	346.59965600853	36.815141823726	435.502572791401	40.3334724929722	20.1863328654903	621.661884280414	439.768865510237	437.286352826419	558.747817458401	243.3619391383	176.547916252592	153.907032360145	300.99544757356	521.582808605356	657.99444604581	621.88066266238	357.611315586581	314.388757081824	307.783472286667	358.714698596407	91.1893760052162	40.4041267493605	538.900574325464	386.429570012858	299.278830762544	634.922818325842	91.1357706627149	431.121450887296	688.629937785724	535.185491774432	45.8923105087583	449.007054984827	306.873329617656	366.08416693946	567.894734306898	38.5649907303185	334.045802006798	607.145781675617	366.671910045769	11.6658852776988	242.43783056286	31.5419017830485	742.361823475704	150.982026287292	
14	14.2753905585332	22.2746613043499	107.044428877131	11.1749340132404	23.675764693331	251.374525040753	59.7007093484286	17.4801454048212	41.4354331532215	101.334124522522	31.2624398619243	234.897207042411	68.9499375041607	0	77.5359550837299	40.2942361049923	32.8711309171073	506.174987352069	18.7005242785015	19.4154611155383	277.828476022231	81.7300580103878	11.2143974328055	55.0981851054221	107.498623687305	172.144991876502	239.456050430869	15.1997277221923	244.840332673818	78.3083134059942	143.264146056139	777.52406837471	38.9762908213358	506.469117010988	26.9167440408739	106.585604086376	297.676751533642	126.954861161525	107.693114258296	110.114874714731	98.1523327683384	681.075334400765	136.653502625492	117.966930723761	121.412004863262	733.452742362612	262.175348511373	91.6296690531192	732.67323369722	84.1598410830707	83.9925783255948	234.020327623485	88.3140050013003	312.927676865499	400.499721399748	105.815582052172	277.662598515853	53.6892875973379	403.111660799216	99.9363977637072	70.2609773998347	638.879740568294	374.15301633248	373.144120529306	491.816709609527	175.10188438567	109.574548347219	88.5190069780926	232.50160439468	457.258514253789	661.182654548836	555.675730879908	288.946189672452	251.487126690982	243.321392357463	290.045020732636	115.463486951838	35.0490386966392	520.894902526976	322.979494900919	344.236161495741	567.975672430071	143.849936786797	367.115141705697	663.796770690378	466.922183578309	26.4575358291077	384.688928074636	238.207109085143	297.136718687724	499.094948861713	95.0307378714341	265.244458613536	608.565976330649	298.195138136081	65.3821955165218	175.258688207167	94.0779443372294	709.441063837549	107.171375592477	
15	81.2784470697694	63.1256397630961	128.333769747987	72.3028882596337	82.9874314466077	188.804148770501	28.28559299623	60.6711992403723	44.7242290467638	125.423331079865	78.1741615343032	201.470380592302	139.343143151275	77.5359550837299	0	61.5749215788887	46.0354051410436	531.799454628986	67.6079393066813	59.4226232556354	222.312882322246	130.533629530685	88.3827728157025	25.4171902969794	134.749313226046	249.157293567538	169.081122972162	63.3688114361346	182.124759196645	129.745351176343	220.745709197551	790.447194082736	104.017583220985	433.91016533526	52.0925104388252	126.186188298435	251.477080408365	200.373648243826	130.936235132409	135.964316078708	123.607327619788	742.151399741161	214.136814293744	194.907503260103	152.971003580318	741.433817481083	203.528959666014	166.454018182293	799.862050920902	128.065048302881	116.362970768738	165.938523462215	119.688929301731	330.518448986224	328.358307093829	130.578530199048	220.967984002208	131.146650470168	426.315506167805	175.297927859505	132.516273471935	702.702489821999	300.641161019567	297.958934511753	420.442887247706	132.905424735858	43.6034372518328	19.7646043252751	168.464875040568	382.250396037817	715.048923373844	482.927970675991	236.844646559531	175.259708634665	168.460141394004	237.863677898673	141.150850127162	112.206071724186	557.519516209162	247.201225804203	421.026276276108	496.560138297246	221.129880210889	291.80763809001	691.25038132322	415.36695749245	103.518894360225	309.668473820988	175.482337870733	239.331952255198	435.25269006268	152.44225081039	203.466508113121	661.483100399494	247.710017713686	131.890178627054	106.28171387134	168.375769352762	726.791201452523	142.432865773512	
16	32.5503643659784	18.6174288829741	77.2885996351289	29.2133533170469	28.0361956726505	249.428414207233	34.2667724791598	28.776572139095	17.7941411500783	72.6793666718283	19.1539750918098	250.047728854263	81.0472055291124	40.2942361049923	61.5749215788887	0	25.6090114963794	543.554961230604	21.5938625908412	26.4322277265957	281.017857786561	69.3949040017647	45.7319010500077	36.5592703053833	80.8854902217315	203.063309620499	230.646167328616	28.749853104993	242.75598458742	68.3073382652088	169.764567418186	812.266507429308	79.1950610871922	494.866684250694	24.6123605887184	75.9931692073206	306.711293395998	142.316708585352	78.9498466023889	82.8607297979315	70.04238955756	720.532127270616	163.294250075113	150.016431343389	97.8450881138927	766.783996592612	263.150603517841	110.550468667872	770.517973075097	122.213291946606	59.1348878646164	227.434528364068	63.0900553378219	347.859848826415	389.523812127124	77.76505790342	280.061355666177	83.1948505081973	439.75517212231	119.780338018772	71.5970413148869	677.792759384566	361.392066476981	357.745582794947	481.715795767194	184.801395275524	103.356178765031	79.1648906875156	229.338127061125	442.018926888641	701.398984034124	543.787389292324	294.394535873774	234.491770526136	228.903777601008	295.449610806508	88.3672003320881	64.5736204857425	560.158584027188	306.599422059242	374.611520843816	557.78745688061	168.795401291481	351.509253933552	701.72114487718	473.31734815394	56.9009853078005	369.556171958119	236.086535356389	298.859169236351	496.500287839791	90.867660410583	263.955852778821	648.825388605009	304.69600084034	72.1727379168738	167.736430898711	111.841458566582	745.237070637219	143.922387798934	
17	35.2572691199553	17.7075680388333	102.874719888282	26.3083583749276	37.8253624930818	228.555872223317	27.2129544907696	15.3943191497028	12.5388307764005	98.2877176509247	35.3701628665553	224.796095248317	93.9562785004075	32.8711309171073	46.0354051410436	25.6090114963794	0	522.356851022079	21.84746543647	13.685597759992	258.432332667094	91.9270984618955	43.0668881752759	22.2869135781418	106.442713585744	204.924954845959	212.73552913932	17.8480205767222	221.916064446279	90.0561663075636	175.179643126423	789.088051919485	66.571650245911	478.818185678899	6.12867431575994	101.53515365826	282.59880125583	154.640250158641	104.55812635876	108.450698252758	95.6381719803072	710.441521883002	168.580056890363	150.789107489994	123.214317578358	742.957593790366	241.248406092603	120.463805544686	763.874710289959	103.467907538758	84.3799316317416	208.450783428159	88.4254847828383	325.096599860299	373.044873722823	103.369265516298	257.725227119821	85.694831156344	418.01728124309	129.275892595804	89.1409116328799	669.076411471235	345.839779058852	343.709827833274	464.8755216037	160.260497927078	83.1968702944424	60.0199662824728	208.8810778258	427.974225421242	688.149071149884	527.924483604786	271.168031385923	221.221781897303	214.03035959013	272.237340481654	113.959987348617	66.5772825517678	541.38895769128	293.090005195187	377.038576013834	541.044462774209	175.33940076216	337.59040826212	680.981129846075	450.03671997423	57.9101674830042	355.376059232373	215.238437327878	276.786404125721	476.266859353865	111.182722608693	242.873662446287	635.160792914949	281.201703296021	87.3077644634521	148.893505147057	122.443920455195	722.698012172316	123.469008825165	
18	519.110070986802	525.252845743227	611.365795739454	516.903079344059	528.468815212916	501.854166664823	541.641533119625	514.784476988231	534.858472801864	605.274047848736	537.335426521323	396.72960899167	534.551224524264	506.174987352069	531.799454628986	543.554961230604	522.356851022079	0	523.448595123889	517.158930041508	471.963250656171	574.846846496243	506.401681699309	532.377316966194	609.6809993334	465.962681149316	539.287132806127	514.895149032822	501.703669578989	569.983295938823	495.225535043326	286.54284343045	469.206806217855	691.717141835886	520.423937944408	611.374705488277	430.454857835066	539.836112475504	611.370414590341	612.609934668157	601.941721721857	392.322450359575	494.774087364885	469.993783948456	619.55796746179	262.11394493464	485.055315547816	522.838519107321	503.878048165283	422.019473449652	586.903777473545	525.52557226726	591.055371051273	202.930478214065	622.251399124249	609.137596163803	477.365249663352	498.563613881968	105.709799013481	520.879700832885	551.709638582636	395.71308917395	622.345567156322	642.308403893067	668.138404421907	444.14566985135	511.771514846319	519.635153976547	506.143297625427	692.815115237213	306.587674943803	727.746930048601	456.920693282653	589.870106432473	571.884661389769	457.315806191554	617.487549497601	504.301487782144	84.422270031114	621.594160320667	482.63602168652	719.24598698633	503.043582454958	640.437193857836	159.532340840454	491.685555666731	505.654454710427	646.932628119302	500.994412592831	484.847300424512	599.694096239353	573.032120974621	499.993165116371	263.085381898332	449.757431741133	542.091656156645	519.703080314528	526.304096545252	210.706450316339	399.638433187874	
19	14.0815936576003	4.74995267732476	92.2811010198	7.70181007253411	16.2219053678892	249.610928183822	45.250078614443	11.9605036810848	25.7156315658699	86.9321688430544	17.0822451287035	241.159846921269	72.1109539286145	18.7005242785015	67.6079393066813	21.5938625908412	21.84746543647	523.448595123889	0	11.0121274971695	278.534562202289	73.6102408144388	25.2060198683789	42.8879192853179	93.9839969310415	186.083694739733	234.495598679271	10.1337577989374	242.991008678977	71.1012145852541	154.866163354309	793.554780420367	57.6253860282338	500.662197253222	16.2428354221309	91.4922010269781	301.180135823076	132.842006512594	93.3341392203705	96.3755688773939	83.9182676432619	699.386416790666	148.294136011733	132.314854154618	109.309581971685	748.805627145834	261.803529649482	98.8795409646924	750.224050084727	101.587709547085	70.751049316895	230.057295191134	75.0294480607207	328.959703193013	394.879972000588	91.7077476011945	277.998333971036	66.0154733847344	420.011753496118	107.783541707922	68.0310827935153	656.932750833123	367.684973628583	365.475592297835	486.687138496433	178.487781380264	104.770761953534	81.8238858296304	230.108490786152	449.750538852248	679.849219133155	549.770751388362	290.739414291995	242.86759386659	235.833832398123	291.820243992352	101.847441275276	46.8304412914236	539.08578184756	314.792571798666	358.126136995173	562.858550221066	154.667097807077	359.344694068679	681.344935260356	469.416810039261	38.4261357150777	377.155502226187	236.317788103316	297.203955823709	497.431921036633	90.9823286590292	263.828237404546	627.251993447324	300.504305775058	65.6631400106637	170.575455814721	100.769102901998	725.969991762188	123.931323294286	
20	22.4014017573149	9.35323592740901	101.447310039643	13.0191674098208	26.9059738851264	239.071219513337	40.2854637407331	2.49568462763011	22.4257715413471	96.3177303945759	27.7456034449065	230.273781033026	81.8031753902667	19.4154611155383	59.4226232556354	26.4322277265957	13.685597759992	517.158930041508	11.0121274971695	0	267.666947889122	84.5673653758349	29.383980412888	35.9636863224948	103.729871075088	191.277676862785	224.683990338713	4.22181526944854	232.463746788832	82.1029686200833	161.538661080463	785.967610806717	55.4749799696476	491.18299734142	7.58831060409959	100.474708765577	290.168732342115	141.959729794482	102.705005438966	106.016778179232	93.4036195916261	699.158253558703	154.936671695704	137.167570823639	119.48958176944	740.710761383156	251.054666224105	107.421853474257	751.598387447696	96.1287753170263	80.7361859984633	219.975553261669	84.9695543538286	321.502827603702	385.323409908357	101.207661878868	267.168740186534	72.0226433555543	413.324388176726	116.128041559826	78.7560881328323	657.353926222277	358.400906609753	356.633957842504	476.99753217554	167.475727956938	94.7474870557091	72.3032661986885	219.676968601404	440.863743215612	678.06367232992	540.329211683509	279.786995375472	234.374696384392	226.870573412358	280.869087819334	111.516861710573	52.9282601086679	534.285677875024	306.146080031569	363.397027929333	553.174537051979	161.76439702399	350.541829748628	675.387576639386	458.437864433297	44.2522842818187	368.263943518719	225.794746534547	286.40900823953	486.924636777624	101.933451939129	253.234573845558	625.249506581789	289.524793714574	75.9697901186348	160.634805221133	109.522336382419	718.832381271818	117.546084280402	
21	288.680476526302	275.397794124545	350.273117435259	279.359339046127	294.566240784031	44.5414879307735	250.313371643825	267.375933653602	263.223996549358	347.628370661551	293.776410226281	87.6091997447577	346.730943723669	277.828476022231	222.312882322246	281.017857786561	258.432332667094	471.963250656171	278.534562202289	267.666947889122	0	350.088681048816	288.210785357573	245.111616055781	357.011345445979	415.686183338845	88.5103950670469	269.960378448337	49.4353958555137	348.440670773542	402.931730945333	674.875851450838	276.88776552862	261.059891282346	262.849079323906	347.99473536734	48.3703175640738	401.950382739552	353.003177399513	358.146236277829	345.886459640986	785.729855015931	396.868455831453	367.935563008583	375.272198108169	615.350948179891	22.4645680891546	366.161814421059	868.695790982045	255.883706439259	338.41780201807	78.658159972453	341.867274358336	287.629064736644	164.866602762811	352.758900401578	5.51903581195656	323.581272970044	375.463033878493	373.185760984556	346.356000948358	760.158084387223	155.4882342446	172.323647797821	240.882823041427	106.39303307078	178.73824934844	202.964420927652	63.0179986970945	236.590076447479	731.621548828446	308.255261033407	20.2446492084554	137.553569264799	121.426495343424	20.6994690135334	363.256645421552	309.157508196941	528.280361219406	150.363942519387	570.714464886671	313.082205595247	406.477241988328	169.740496497716	622.280816755177	193.182685435285	301.869822607273	178.556026037042	54.3064777461349	21.3886573524988	225.150038457139	369.439619521232	33.6833315840504	677.98128647387	32.6268156806111	342.803036376841	123.052068560494	369.184055482218	626.533463012887	245.089866347471	
22	67.7116622720046	75.845051864579	45.7618866295946	75.3161324361224	59.2007890735636	318.82019330986	102.459547588915	85.525029100107	87.0980717969105	39.9679655120026	57.0424061591051	314.723210557424	45.6499797376288	81.7300580103878	130.533629530685	69.3949040017647	91.9270984618955	574.846846496243	73.6102408144388	84.5673653758349	350.088681048816	0	75.7203237270642	105.897698801828	39.0800663199721	174.484016664976	299.188442455387	83.3807890571214	312.147019663532	5.04750038144292	134.75089313708	851.24442875554	109.685734589845	561.602725626519	88.0685430767509	47.5596371796043	374.375643620735	91.8251066612823	43.7809071611281	42.1308827130881	37.1502570593655	713.090698064927	129.353627866245	130.169036108357	44.7963285612832	809.334478429134	332.453573742584	72.8911195687504	753.045841305474	158.328848287314	25.9870504130356	296.444744105579	27.2544012697893	387.871566114559	456.788274905751	41.0778956160453	349.238188305679	77.3281042653889	474.221181089063	81.0757080718174	25.5198550540912	666.670185814083	427.952380982932	422.894710695578	549.128603259575	251.818195068365	172.750050434173	148.537932048674	298.701832677312	506.912200629844	703.62367958614	610.292473424531	363.06439907111	299.591276948349	295.447499983379	364.130950791293	45.6359439892877	70.8861061745327	581.969378635234	371.447647102699	337.92287643589	625.04292769643	130.861732527644	416.564534628862	730.177426505164	541.952659594593	71.0437409766162	434.807498619081	305.478459174842	368.126793362133	565.758539990235	24.9158321918188	333.350713027635	652.716001080519	373.128555770859	35.0141386502337	236.813399755653	71.7545486536866	781.31883960657	182.698673866245	
23	13.7747597662679	29.6766618325911	105.232963941244	17.8703091857272	22.3405228822509	262.22923190382	69.2540965716824	27.8144512412675	50.2599210586699	99.2730768322422	32.2243177067993	243.614442736158	58.5589202750186	11.2143974328055	88.3827728157025	45.7319010500077	43.0668881752759	506.401681699309	25.2060198683789	29.383980412888	288.210785357573	75.7203237270642	0	65.3475197139621	104.625394194956	161.94331594031	250.632016135624	25.2314847663597	255.710668575811	71.874042243441	132.364253652991	779.345513396059	37.2274601318647	517.665248572443	36.968209367506	105.083355008551	307.300361701517	115.860690212506	105.517088630245	107.392270519077	95.9903925708823	674.822929934169	125.755897031296	107.895767710355	117.333875799423	736.023362099644	272.789513038323	80.4617592429373	725.092829864013	85.1080103549715	81.2664727580013	245.132538912664	85.5393503103184	314.963162004226	411.692149006174	103.447530527027	288.125605969913	42.7681314716205	403.952487536412	88.7328446693437	61.6628884184152	632.07715254622	385.366295872641	384.342380930691	502.981811118462	184.913555610582	120.777340185192	99.7047945115478	243.451582608155	468.463761821523	656.360352901333	566.87423452166	299.060607029841	262.622664629365	254.51875066598	300.163327391795	112.584269984673	23.9124054142425	519.304869831728	334.151679588293	334.066330275246	579.137287496855	132.818391810982	378.309461840603	663.517756170582	476.767451666238	15.2724968548411	395.891834294525	249.086441591215	307.645426033952	509.871866200849	86.8066687911959	276.039381128125	603.966306441097	308.166704756384	55.9242277918592	186.43421813911	82.9497683890731	710.668162537673	108.928578127358	
