Vancouver
Surrey
Victoria
Burnaby
Richmond
Kelowna
Abbotsford
Coquitlam
Langley
Saanich
Delta
Kamloops
Nanaimo
North Vancouver
Chilliwack
White Rock
Maple Ridge
Prince George
New Westminster
Port Coquitlam
Vernon
Duncan
West Vancouver
Mission
Langford Station
Campbell River
Penticton
Port Moody
East Kelowna
North Cowichan
Courtenay
Fort St. John
Squamish
Cranbrook
Pitt Meadows
Oak Bay
Salmon Arm
Port Alberni
Esquimalt
Colwood
Central Saanich
Terrace
Comox
Powell River
Sooke
Dawson Creek
Lake Country
Parksville
Prince Rupert
Whistler
Sidney
Summerland
North Saanich
Williams Lake
Nelson
View Royal
Coldstream
Sechelt
Quesnel
Qualicum Beach
Ladysmith
Kitimat
Castlegar
Trail
Kimberley
Merritt
Hope
Kent
Peachland
Creston
Smithers
Fernie
Spallumcheen
Osoyoos
Oliver
Armstrong
Metchosin
Gibsons
Vanderhoof
Grand Forks
Port Hardy
Sparwood
Cumberland
Rossland
Mackenzie
Golden
Bowen Island
Fruitvale
Westbank
Lumby
Invermere
Lake Cowichan
Ellison
Houston
Enderby
Cedar
Princeton
Errington
Chetwynd
Pemberton
